image: map_edit.png
resolution: 0.05
origin: [-6.865948486328129, -69.82598114013672, 0]
occupied_thresh: 0.51
free_thresh: 0.49
negate: 0
